w: 
[-4.18296901e+02 -1.18496954e+03 -5.76731895e+02  3.91088509e-02
  3.55770477e-04  2.52978678e-02  2.43450810e-02  7.58719641e-02
  3.03609824e-01  2.87440972e+00  1.62429010e-01  1.86801796e-01
  2.39495236e-01  4.87305390e-01  1.80378353e-01 -5.69343747e+01
  9.02741176e-01  4.95024013e-01  2.28414324e+01  1.36042660e+00
  4.80721959e+00  1.77667598e+00]
b: 
294153.2074840728
w: 
[-4.18297262e+02 -1.18496925e+03 -5.76730641e+02  3.91088415e-02
  3.55770325e-04  2.52978602e-02  2.43451026e-02  7.58719407e-02
  3.03608888e-01  2.87440070e+00  1.62428411e-01  1.86801281e-01
  2.39494659e-01  4.87303595e-01  1.80377566e-01 -5.69342326e+01
  9.02738853e-01  4.95027048e-01  2.28413748e+01  1.36042653e+00
  4.80720485e+00  1.77667357e+00]
b: 
294153.06305037794
w: 
[-3.31479024e+02 -9.64640582e+02 -4.56031673e+02  3.65853258e-02
  3.10213409e-04  2.31174691e-02  2.49741682e-02  6.93138261e-02
  2.30402793e-01  2.22550295e+00  1.19355844e-01  1.46461189e-01
  1.79991082e-01  3.58117398e-01  1.33578144e-01 -4.14825033e+01
  6.74189999e-01  5.02076112e-01  2.01888593e+01  1.38004584e+00
  4.25564583e+00  1.70994481e+00]
b: 
236733.030418307
w: 
[-1.06135895e+02 -8.31278254e+01 -2.11121440e+02  4.74346137e-02
  3.53387375e-04  3.17101233e-02  3.01306723e-02  9.51102421e-02
  2.33572240e-01  2.31078453e+00  1.30041181e-01  1.35816110e-01
  1.61229739e-01  3.90161539e-01  2.64195859e-01 -4.53713410e+01
  3.59447091e-01  5.14907036e-01  1.88212407e+01  1.21612181e+00
  4.25973229e+00  1.58512046e+00]
b: 
50307.53357241809
w: 
[ 4.99468884e+00 -2.45529249e+00 -1.26760918e+01  3.90617050e-02
  2.33558441e-04  2.61096249e-02  2.29754237e-02  7.83515431e-02
  2.75611894e-01  2.73333858e+00  1.49415260e-01  1.60322553e-01
  2.09062283e-01  4.48298399e-01  2.72129577e-01 -4.53000592e+01
 -8.64422389e-02  2.34671159e-01  1.48480477e+01  1.16170361e+00
  5.41655719e+00  1.21310643e+00]
b: 
2106.2115077774665
w: 
[-6.54259307e+02 -1.85341404e+03 -9.02067906e+02  6.11702587e-02
  5.56461560e-04  3.95684630e-02  3.80782066e-02  1.18671543e-01
  4.74876941e-01  4.49587197e+00  2.54055651e-01  2.92177191e-01
  3.74595142e-01  7.62195670e-01  2.82130267e-01 -8.90512085e+01
  1.41197990e+00  7.74268388e-01  3.57263458e+01  2.12784690e+00
  7.51898508e+00  2.77890367e+00]
b: 
460085.2580766
w: 
[-6.54258567e+02 -1.85341070e+03 -9.02065243e+02  6.11702651e-02
  5.56461142e-04  3.95684694e-02  3.80782400e-02  1.18671561e-01
  4.74875582e-01  4.49585904e+00  2.54054808e-01  2.92176429e-01
  3.74594202e-01  7.62193145e-01  2.82129307e-01 -8.90509819e+01
  1.41197306e+00  7.74273942e-01  3.57262383e+01  2.12784677e+00
  7.51896777e+00  2.77889840e+00]
b: 
460084.3628389663
w: 
[-3.95621067e+02 -1.18392761e+03 -4.25982920e+02  8.41536366e-02
  7.28114662e-04  6.04309014e-02  6.92165262e-02  1.81048524e-01
  4.20416009e-01  4.22882807e+00  2.10125369e-01  3.11456826e-01
  2.67090272e-01  6.30658201e-01  2.33548669e-01 -6.18510854e+01
  8.91584897e-01  1.41300152e+00  4.13966796e+01  2.79861939e+00
  7.39071432e+00  3.78605994e+00]
b: 
274224.8804748574
w: 
[ 9.42214260e+01 -2.51581885e+02 -5.14451527e+02  3.42313929e-01
  2.58060268e-03  2.45191509e-01  2.29431076e-01  7.35158666e-01
  1.43391325e+00  1.42115691e+01  7.96416425e-01  8.53826697e-01
  9.02089763e-01  2.38945772e+00  1.88148222e+00 -2.52032956e+02
  1.17477273e+00  2.36668711e+00  1.22369891e+02  8.21516262e+00
  2.12463939e+01  1.10808358e+01]
b: 
89657.51130920068
w: 
[ 5.01141521e+01 -2.46027576e+01 -1.26556547e+02  3.85336403e-01
  2.30273452e-03  2.58727667e-01  2.27517639e-01  7.76396189e-01
  2.75223958e+00  2.72939565e+01  1.49640785e+00  1.60300315e+00
  2.07513110e+00  4.48973659e+00  2.71637342e+00 -4.52944526e+02
 -8.79051703e-01  2.40492640e+00  1.46174155e+02  1.15842367e+01
  5.37434757e+01  1.19170552e+01]
b: 
21007.443417098344
w: 
[-6.54259363e+02 -1.85341420e+03 -9.02067984e+02  6.11702640e-02
  5.56461608e-04  3.95684665e-02  3.80782099e-02  1.18671553e-01
  4.74876982e-01  4.49587235e+00  2.54055673e-01  2.92177216e-01
  3.74595175e-01  7.62195736e-01  2.82130292e-01 -8.90512162e+01
  1.41198002e+00  7.74268455e-01  3.57263489e+01  2.12784709e+00
  7.51898573e+00  2.77890391e+00]
b: 
460085.29788816185
w: 
[-6.54258624e+02 -1.85341086e+03 -9.02065321e+02  6.11702704e-02
  5.56461190e-04  3.95684728e-02  3.80782433e-02  1.18671571e-01
  4.74875623e-01  4.49585943e+00  2.54054830e-01  2.92176454e-01
  3.74594234e-01  7.62193211e-01  2.82129331e-01 -8.90509896e+01
  1.41197318e+00  7.74274009e-01  3.57262414e+01  2.12784696e+00
  7.51896842e+00  2.77889864e+00]
b: 
460084.4026525375
w: 
[-7.36710589e+02 -1.96212525e+03 -4.97529702e+02  1.34557818e-01
  1.06541503e-03  1.09241905e-01  1.18590812e-01  3.26958870e-01
  7.72408856e-01  7.91236893e+00  4.28033653e-01  6.07759802e-01
  2.96755116e-01  1.28509272e+00  2.58561715e-01 -2.91344756e+01
 -4.34733528e+00  5.79327436e+00  5.51843919e+01  6.50189682e+00
  1.82863497e+01  5.34358189e+00]
b: 
439195.9761351333
w: 
[-1.26066634e+01 -1.72842877e+02 -1.45970096e+03  4.54444196e-01
  4.62630902e-03  5.84827454e-01  5.84147602e-01  1.75007979e+00
  3.64976844e+00  3.28496522e+01  2.01560726e+00  2.01453164e+00
  2.47366213e+00  6.04780459e+00 -3.62703253e+00 -9.40561091e+02
  1.26058965e+01  1.58357727e+01  6.91236721e+02  4.63386020e+01
  8.18339830e+01  6.29643108e+01]
b: 
213863.77008735234
w: 
[ 5.01239220e+02 -2.46207838e+02 -1.26568537e+03  3.84634256e+00
  2.29844983e-02  2.58426962e+00  2.27233544e+00  7.75492033e+00
  2.75207547e+01  2.72918414e+02  1.49693599e+01  1.60324523e+01
  2.07322338e+01  4.49131910e+01  2.71620278e+01 -4.53094277e+03
 -8.79276372e+00  2.41320591e+01  1.45855296e+03  1.15791182e+02
  5.36924581e+02  1.18872121e+02]
b: 
210110.84592878932
w: 
[-6.54259286e+02 -1.85341399e+03 -9.02067878e+02  6.11702568e-02
  5.56461542e-04  3.95684618e-02  3.80782054e-02  1.18671539e-01
  4.74876926e-01  4.49587182e+00  2.54055643e-01  2.92177181e-01
  3.74595131e-01  7.62195646e-01  2.82130258e-01 -8.90512057e+01
  1.41197986e+00  7.74268364e-01  3.57263447e+01  2.12784683e+00
  7.51898484e+00  2.77890358e+00]
b: 
460085.2437061363
w: 
[-6.54258547e+02 -1.85341064e+03 -9.02065215e+02  6.11702632e-02
  5.56461125e-04  3.95684681e-02  3.80782389e-02  1.18671557e-01
  4.74875567e-01  4.49585890e+00  2.54054800e-01  2.92176420e-01
  3.74594190e-01  7.62193121e-01  2.82129298e-01 -8.90509791e+01
  1.41197302e+00  7.74273918e-01  3.57262372e+01  2.12784671e+00
  7.51896753e+00  2.77889831e+00]
b: 
460084.3484679714
w: 
[-7.36671158e+02 -1.96213122e+03 -4.97461514e+02  1.34558391e-01
  1.06542199e-03  1.09244517e-01  1.18589835e-01  3.26966681e-01
  7.72405660e-01  7.91231793e+00  4.28047197e-01  6.07738409e-01
  2.96726700e-01  1.28513338e+00  2.58531279e-01 -2.91320126e+01
 -4.34760597e+00  5.79339489e+00  5.51817776e+01  6.50156099e+00
  1.82859143e+01  5.34329858e+00]
b: 
439184.2204275682
w: 
[-7.54048490e+02 -2.46522701e+03 -4.27575619e+03 -2.37999920e-01
  1.61668582e-02  3.06306729e+00  2.01344257e+00  9.15884868e+00
  2.97947962e+01  2.47531917e+02  1.82152869e+01  1.55692571e+01
  1.57895919e+01  5.46608287e+01 -4.85898895e+01 -2.03319950e+03
  3.70994298e+02  1.10609348e+01  3.95768632e+03  4.91056862e+02
  4.14639704e+02  3.82602409e+02]
b: 
998667.5539617583
w: 
[ 4.42006565e+03  5.13884084e+02 -8.47507895e+03  3.65963090e+01
  2.18735827e-01  2.51222606e+01  2.17891829e+01  7.53962756e+01
  2.46685301e+02  2.49384820e+03  1.35194952e+02  1.41733470e+02
  1.82318638e+02  4.05626730e+02  2.35988061e+02 -3.38932629e+04
 -2.13825097e+02  2.30163164e+02  1.31843329e+04  9.72794992e+02
  4.38551071e+03  1.08639044e+03]
b: 
1034439.7362998336
w: 
[-6.54259306e+02 -1.85341404e+03 -9.02067905e+02  6.11702587e-02
  5.56461559e-04  3.95684630e-02  3.80782065e-02  1.18671543e-01
  4.74876941e-01  4.49587196e+00  2.54055651e-01  2.92177190e-01
  3.74595142e-01  7.62195669e-01  2.82130267e-01 -8.90512085e+01
  1.41197990e+00  7.74268388e-01  3.57263458e+01  2.12784690e+00
  7.51898508e+00  2.77890367e+00]
b: 
460085.25783176266
w: 
[-6.54258567e+02 -1.85341070e+03 -9.02065243e+02  6.11702651e-02
  5.56461142e-04  3.95684694e-02  3.80782400e-02  1.18671561e-01
  4.74875581e-01  4.49585904e+00  2.54054808e-01  2.92176429e-01
  3.74594201e-01  7.62193144e-01  2.82129307e-01 -8.90509819e+01
  1.41197306e+00  7.74273941e-01  3.57262383e+01  2.12784677e+00
  7.51896776e+00  2.77889840e+00]
b: 
460084.3625942444
w: 
[-7.36648040e+02 -1.96213285e+03 -4.97420316e+02  1.34558877e-01
  1.06542778e-03  1.09246252e-01  1.18589350e-01  3.26971875e-01
  7.72405279e-01  7.91231454e+00  4.28057379e-01  6.07725843e-01
  2.96708207e-01  1.28516395e+00  2.58512644e-01 -2.91312167e+01
 -4.34778133e+00  5.79346771e+00  5.51802329e+01  6.50134097e+00
  1.82856240e+01  5.34312499e+00]
b: 
439176.9233526647
w: 
[-2.84352617e+03 -9.79083104e+03 -7.84584550e+03  3.23374994e+00
  1.06703621e-01  1.68445214e+01  7.52241238e+00  5.03728953e+01
  2.43226262e+01  2.13539639e+02  1.50716316e+01  4.30378537e+00
 -1.71031111e+01  4.54192767e+01 -7.70198959e+01 -1.50091088e+03
  2.01287007e+03  4.19890083e+02  1.23548358e+04  1.80108325e+03
  4.28937686e+03  1.36588809e+03]
b: 
2762274.624855502
w: 
[ 2.19995656e+04  5.47187423e+03 -1.10711083e+04  1.91969348e+02
  1.25769075e+00  1.53419391e+02  1.27839996e+02  4.60297033e+02
  8.56096000e+02  8.86108828e+03  4.60443577e+02  4.53229520e+02
  6.07652396e+02  1.38166100e+03  9.92525067e+02 -9.28615684e+04
 -3.61508720e+03  2.52314989e+03  8.97558563e+04  5.21266758e+03
  2.14984012e+04  7.77483648e+03]
b: 
-172311.89122378457
w: 
[-6.54259405e+02 -1.85341432e+03 -9.02068041e+02  6.11702679e-02
  5.56461643e-04  3.95684690e-02  3.80782123e-02  1.18671561e-01
  4.74877012e-01  4.49587264e+00  2.54055689e-01  2.92177234e-01
  3.74595199e-01  7.62195784e-01  2.82130309e-01 -8.90512218e+01
  1.41198011e+00  7.74268504e-01  3.57263512e+01  2.12784722e+00
  7.51898621e+00  2.77890409e+00]
b: 
460085.32699501945
w: 
[-6.54258665e+02 -1.85341098e+03 -9.02065378e+02  6.11702743e-02
  5.56461226e-04  3.95684753e-02  3.80782458e-02  1.18671579e-01
  4.74875653e-01  4.49585971e+00  2.54054846e-01  2.92176473e-01
  3.74594258e-01  7.62193259e-01  2.82129349e-01 -8.90509952e+01
  1.41197327e+00  7.74274058e-01  3.57262437e+01  2.12784709e+00
  7.51896889e+00  2.77889882e+00]
b: 
460084.43176085554
w: 
[-7.36711929e+02 -1.96212492e+03 -4.97531777e+02  1.34557882e-01
  1.06541537e-03  1.09241912e-01  1.18590866e-01  3.26958889e-01
  7.72409348e-01  7.91237401e+00  4.28033793e-01  6.07760282e-01
  2.96755724e-01  1.28509314e+00  2.58562645e-01 -2.91346134e+01
 -4.34733052e+00  5.79327251e+00  5.51844398e+01  6.50189923e+00
  1.82863523e+01  5.34358657e+00]
b: 
439196.3307249255
w: 
[-1.23455987e+04 -3.00280493e+04 -1.76244433e+04  1.14284682e+01
  2.55192471e-01  9.29022060e+01  1.18764584e+01  2.78032462e+02
 -3.93238211e+02 -3.16105465e+03 -1.73735588e+02 -2.19996986e+02
 -6.48622330e+02 -5.19898378e+02 -5.84233589e+01  4.94571639e+03
  7.27992226e+03  3.79796796e+03  1.66040300e+04  1.16411349e+04
  7.41072320e+03  2.49249840e+03]
b: 
7926431.815758347
w: 
[ 4.63518621e+04 -5.05837297e+04 -9.16206815e+04 -4.97153787e+02
 -3.03845854e-01  3.60359976e+01 -1.07890979e+02  1.07650161e+02
  7.92529834e+02  8.91700256e+03  1.73210598e+02  2.13234504e+02
  5.28758503e+02  5.22042152e+02 -6.58846418e+03 -3.58343621e+04
  2.45147145e+03 -6.69188780e+03  3.91847269e+05  3.91672250e+04
  1.67802824e+05  3.52639659e+04]
b: 
14110057.747267015
w: 
[-6.54259290e+02 -1.85341400e+03 -9.02067882e+02  6.11702571e-02
  5.56461545e-04  3.95684620e-02  3.80782056e-02  1.18671540e-01
  4.74876929e-01  4.49587185e+00  2.54055644e-01  2.92177183e-01
  3.74595133e-01  7.62195650e-01  2.82130260e-01 -8.90512062e+01
  1.41197986e+00  7.74268368e-01  3.57263449e+01  2.12784685e+00
  7.51898488e+00  2.77890360e+00]
b: 
460085.2459509248
w: 
[-6.54258550e+02 -1.85341065e+03 -9.02065219e+02  6.11702635e-02
  5.56461128e-04  3.95684683e-02  3.80782390e-02  1.18671558e-01
  4.74875569e-01  4.49585892e+00  2.54054802e-01  2.92176421e-01
  3.74594192e-01  7.62193125e-01  2.82129299e-01 -8.90509796e+01
  1.41197302e+00  7.74273921e-01  3.57262374e+01  2.12784672e+00
  7.51896757e+00  2.77889833e+00]
b: 
460084.35071286076
w: 
[-7.36660001e+02 -1.96213204e+03 -4.97441516e+02  1.34558672e-01
  1.06542504e-03  1.09245406e-01  1.18589612e-01  3.26969341e-01
  7.72405393e-01  7.91231428e+00  4.28052234e-01  6.07732033e-01
  2.96717492e-01  1.28514850e+00  2.58522283e-01 -2.91316441e+01
 -4.34769278e+00  5.79343159e+00  5.51810107e+01  6.50144924e+00
  1.82857694e+01  5.34321253e+00]
b: 
439180.6908589697
w: 
[-3.39883933e+04 -1.61140399e+05 -4.64454600e+03  1.18498057e+02
  3.44252543e+00  6.13466271e+02  2.60719836e+02  1.83640657e+03
 -2.83071656e+03 -1.92954248e+04 -1.48008486e+03 -7.62522811e+02
 -4.51328946e+03 -4.42930530e+03  8.71979117e+02  3.09218320e+04
  8.64391289e+03  2.14693344e+04  2.27622840e+04  4.11428868e+04
  1.96281620e+03  6.72921008e+03]
b: 
28115128.765597098
w: 
[-7.24347529e+04 -1.70407340e+05 -3.20090219e+05 -7.57598616e+03
 -2.92526978e+01 -5.45613045e+02 -1.77336648e+03 -1.64962375e+03
 -4.18124625e+03 -5.70969876e+04 -2.53697280e+03 -2.60787570e+03
 -4.96883288e+03 -7.62183492e+03 -7.82466212e+04  1.49300193e+04
  1.88316099e+05 -2.23099988e+04  9.94306861e+05  2.25100004e+05
  4.96831168e+05  1.35407144e+05]
b: 
73006174.89341757
w: 
[-6.54259322e+02 -1.85341409e+03 -9.02067927e+02  6.11702601e-02
  5.56461572e-04  3.95684639e-02  3.80782074e-02  1.18671546e-01
  4.74876952e-01  4.49587207e+00  2.54055656e-01  2.92177197e-01
  3.74595151e-01  7.62195687e-01  2.82130274e-01 -8.90512105e+01
  1.41197993e+00  7.74268406e-01  3.57263466e+01  2.12784695e+00
  7.51898525e+00  2.77890373e+00]
b: 
460085.2685827142
w: 
[-6.54258582e+02 -1.85341074e+03 -9.02065264e+02  6.11702665e-02
  5.56461155e-04  3.95684703e-02  3.80782409e-02  1.18671564e-01
  4.74875592e-01  4.49585914e+00  2.54054814e-01  2.92176436e-01
  3.74594210e-01  7.62193162e-01  2.82129313e-01 -8.90509839e+01
  1.41197309e+00  7.74273960e-01  3.57262391e+01  2.12784682e+00
  7.51896794e+00  2.77889846e+00]
b: 
460084.37334574276
w: 
[-7.36645416e+02 -1.96213229e+03 -4.97414932e+02  1.34559123e-01
  1.06542994e-03  1.09246678e-01  1.18589352e-01  3.26973148e-01
  7.72406666e-01  7.91232999e+00  4.28060386e-01  6.07724153e-01
  2.96705254e-01  1.28517297e+00  2.58510132e-01 -2.91313323e+01
 -4.34781320e+00  5.79348059e+00  5.51799651e+01  6.50129473e+00
  1.82855579e+01  5.34309318e+00]
b: 
439175.90688048047
w: 
[-3.39885818e+04 -1.61141628e+05 -4.64338344e+03  1.18497732e+02
  3.44252273e+00  6.13466056e+02  2.60719585e+02  1.83640593e+03
 -2.83071745e+03 -1.92954339e+04 -1.48008525e+03 -7.62523605e+02
 -4.51329006e+03 -4.42930647e+03  8.71978561e+02  3.09220016e+04
  8.64392124e+03  2.14693339e+04  2.27622950e+04  4.11428891e+04
  1.96281447e+03  6.72920904e+03]
b: 
28115198.972632725
w: 
[-1.73935598e+06 -1.07732607e+06 -2.11897079e+06 -8.78262143e+04
 -3.51048874e+02 -1.16138789e+04 -2.13732669e+04 -3.49653144e+04
 -1.08881305e+04 -3.73436888e+05  3.49547021e+02  3.92287403e+03
 -4.12175408e+04  9.74733077e+02 -7.41848385e+05 -2.05024108e+05
  1.71869620e+06 -1.65869985e+05  1.59231022e+06  1.66766780e+06
  1.16441017e+06  8.93352079e+05]
b: 
620437922.4102858
w: 
[-6.54259477e+02 -1.85341453e+03 -9.02068141e+02  6.11702746e-02
  5.56461704e-04  3.95684733e-02  3.80782165e-02  1.18671574e-01
  4.74877065e-01  4.49587313e+00  2.54055717e-01  2.92177267e-01
  3.74595240e-01  7.62195868e-01  2.82130340e-01 -8.90512317e+01
  1.41198027e+00  7.74268590e-01  3.57263551e+01  2.12784745e+00
  7.51898703e+00  2.77890439e+00]
b: 
460085.3777209066
w: 
[-6.54258737e+02 -1.85341118e+03 -9.02065478e+02  6.11702810e-02
  5.56461287e-04  3.95684797e-02  3.80782499e-02  1.18671592e-01
  4.74875705e-01  4.49586021e+00  2.54054874e-01  2.92176505e-01
  3.74594299e-01  7.62193343e-01  2.82129380e-01 -8.90510051e+01
  1.41197343e+00  7.74274143e-01  3.57262476e+01  2.12784733e+00
  7.51896972e+00  2.77889912e+00]
b: 
460084.48248898285
w: 
[-7.36682899e+02 -1.96212917e+03 -4.97480907e+02  1.34558567e-01
  1.06542219e-03  1.09244132e-01  1.18590207e-01  3.26965529e-01
  7.72407922e-01  7.91234222e+00  4.28045398e-01  6.07743586e-01
  2.96733739e-01  1.28512798e+00  2.58540006e-01 -2.91329003e+01
 -4.34754276e+00  5.79336876e+00  5.51823801e+01  6.50162391e+00
  1.82859958e+01  5.34336254e+00]
b: 
439187.5785694976
w: 
[-3.39883706e+04 -1.61140252e+05 -4.64468681e+03  1.18498100e+02
  3.44252580e+00  6.13466302e+02  2.60719871e+02  1.83640667e+03
 -2.83071648e+03 -1.92954238e+04 -1.48008482e+03 -7.62522720e+02
 -4.51328944e+03 -4.42930518e+03  8.71979208e+02  3.09218115e+04
  8.64391185e+03  2.14693347e+04  2.27622831e+04  4.11428868e+04
  1.96281617e+03  6.72921034e+03]
b: 
28115120.51119291
w: 
[-1.68396344e+07 -1.30041103e+07 -1.57412090e+07 -4.52340428e+05
 -1.49435605e+03  6.11043712e+04 -6.95253273e+04  1.82057084e+05
 -3.90591453e+04  3.93826492e+05  1.00071509e+05  8.05117275e+04
 -5.66775720e+05  2.99969053e+05 -3.92268711e+06 -9.67581766e+05
  5.07213160e+06  1.27693105e+06  2.04945974e+06  6.73674918e+06
  6.35383872e+05  7.05026368e+06]
b: 
5802711035.528416
