Classifier for C = 1
w = [[-5.78127725e-03]
 [-4.46826588e-03]
 [-9.13284368e-05]
 [-2.74858633e-03]
 [-3.50569525e-05]
 [ 2.46124713e-04]
 [-3.83310937e-04]
 [ 7.61185284e-04]
 [ 2.14395873e-02]
 [ 2.20077707e-01]
 [ 9.96083395e-03]
 [ 1.29192167e-02]
 [ 2.10004771e-02]
 [ 2.98942508e-02]
 [-5.31880862e-02]
 [-5.02914145e-02]
 [-2.36102522e-01]
 [ 6.72214141e-02]
 [ 8.25763203e-01]
 [ 1.36618584e-01]
 [ 6.58012602e-01]
 [ 9.01702538e-02]]

b = [7.39701515]

zi = [[7.65394816e-11]
 [6.98601913e-11]
 [2.41447671e+00]
 [1.21657441e+00]
 [1.32058348e-01]
 [1.12557156e+00]
 [7.53013274e-11]
 [3.15978131e-02]
 [7.66972807e-11]
 [2.65857816e-01]
 [7.16204719e-11]
 [7.77778721e-11]
 [7.25241439e-11]
 [3.22457923e-01]
 [7.09038215e-11]
 [7.46451202e-11]
 [2.09239088e+00]
 [7.09971126e-11]
 [4.83063683e-01]
 [6.90152005e-02]
 [7.68770799e-11]
 [7.04631792e-11]
 [6.96780634e-11]
 [7.63552843e-11]
 [1.01235152e+00]
 [7.68188043e-11]
 [2.67617082e+00]
 [5.29703030e-02]
 [7.67489156e-11]
 [7.65420522e-11]
 [7.50238200e-11]
 [7.37329456e-11]
 [7.13087793e-11]
 [7.62061120e-11]
 [6.59025015e-01]
 [7.56651551e-11]
 [7.66775566e-11]
 [6.90729008e-11]
 [9.80071287e-11]
 [7.57970938e-11]
 [7.20157567e-11]
 [7.61872089e-11]
 [7.60697344e-11]
 [8.24811941e-11]
 [7.56957980e-11]
 [1.89747158e+00]
 [7.37188341e-11]
 [7.68147287e-11]
 [7.53278345e-11]
 [1.60152526e+00]
 [2.54353658e-01]
 [7.65385368e-11]
 [1.84453534e+00]
 [7.49989271e-11]
 [7.48416968e-11]
 [7.54455451e-11]
 [7.66457619e-11]
 [7.68984590e-11]
 [3.48640927e-01]
 [1.50186515e-10]
 [7.63866494e-11]
 [1.85934620e-10]
 [9.28872487e-11]
 [1.07976933e-01]
 [7.24652868e-11]
 [8.51090176e-01]
 [7.55858294e-11]
 [6.94924093e-11]
 [2.20566127e+00]
 [7.65798159e-11]
 [7.68326513e-11]
 [3.76256899e-01]
 [7.54041423e-11]
 [7.33322876e-11]
 [7.41233070e-11]
 [7.74080240e-11]
 [7.65293843e-11]
 [7.66467617e-11]]

Classifier for C = 10
w = [[ 1.64711039e-03]
 [-6.11262013e-03]
 [-2.16547216e-03]
 [-3.36665198e-02]
 [-3.51616305e-04]
 [ 1.21824191e-04]
 [-6.89833449e-03]
 [ 4.43113392e-04]
 [ 9.14588707e-02]
 [ 9.16502608e-01]
 [ 3.57963298e-02]
 [ 6.11238487e-02]
 [ 9.31130451e-02]
 [ 1.07546904e-01]
 [-5.03249368e-01]
 [ 1.08902902e-02]
 [-6.91901172e-01]
 [ 7.82265497e-01]
 [ 9.97849003e-01]
 [ 1.10368725e+00]
 [ 8.52693894e-01]
 [ 3.21129800e-01]]

b = [5.30736455]

zi = [[7.02341022e-10]
 [6.29850964e-10]
 [2.08476073e+00]
 [1.21360963e+00]
 [3.44727455e-01]
 [1.06531627e+00]
 [7.08689610e-10]
 [5.61355196e-10]
 [7.07067348e-10]
 [3.35131711e-01]
 [7.13088950e-10]
 [7.05270725e-10]
 [7.12198498e-10]
 [7.20382602e-03]
 [7.32441913e-10]
 [6.89321945e-10]
 [2.04063173e+00]
 [2.04846823e-09]
 [7.36072205e-01]
 [7.49065526e-10]
 [7.08033631e-10]
 [6.99454849e-10]
 [7.15241993e-10]
 [7.10361150e-10]
 [1.00258341e+00]
 [7.06484432e-10]
 [2.43102521e+00]
 [1.22818845e-09]
 [7.04465281e-10]
 [7.07829505e-10]
 [7.14595221e-10]
 [6.98803832e-10]
 [7.19490760e-10]
 [7.08289413e-10]
 [8.74195914e-01]
 [7.27963417e-10]
 [7.03288015e-10]
 [7.29930314e-10]
 [7.17572793e-10]
 [7.09159607e-10]
 [7.28615717e-10]
 [7.00782632e-10]
 [7.09140484e-10]
 [7.05715656e-10]
 [7.08963760e-10]
 [1.89718280e+00]
 [7.12779435e-10]
 [7.07498947e-10]
 [6.94517930e-10]
 [1.31171026e+00]
 [2.29171522e-01]
 [7.04965393e-10]
 [1.71852973e+00]
 [6.92436513e-10]
 [7.21642298e-10]
 [1.13275210e-09]
 [7.08255061e-10]
 [7.04941680e-10]
 [4.37316167e-01]
 [3.15115635e-01]
 [7.01998993e-10]
 [1.00155689e-09]
 [7.06027719e-10]
 [9.85716208e-10]
 [1.08655576e-09]
 [8.22212836e-01]
 [6.97225554e-10]
 [7.25306866e-10]
 [2.13463989e+00]
 [7.09180002e-10]
 [7.04575037e-10]
 [1.20462152e-09]
 [7.09222931e-10]
 [7.04506740e-10]
 [7.11590668e-10]
 [7.05637099e-10]
 [7.06246007e-10]
 [7.04546281e-10]]

Classifier for C = 100
w = [[ 7.52795404e-03]
 [-6.73164025e-03]
 [-7.67163660e-03]
 [-4.86408531e-01]
 [-3.91814334e-03]
 [-9.77856505e-02]
 [-1.51922345e-01]
 [-2.93457813e-01]
 [ 2.59989909e-01]
 [ 1.81218145e+00]
 [ 5.82847619e-02]
 [ 2.10827879e-01]
 [ 2.85058365e-01]
 [ 1.75301205e-01]
 [-4.73198627e+00]
 [ 3.26248080e-02]
 [-1.21271321e+00]
 [ 2.45926543e+00]
 [ 8.97026080e-01]
 [ 3.05226380e+00]
 [ 6.34404587e-01]
 [ 1.88109762e+00]]

b = [2.81392613]

zi = [[1.43488659e-08]
 [4.90865145e-08]
 [1.74928212e+00]
 [8.56693461e-01]
 [4.58649468e-01]
 [1.21756058e+00]
 [1.43864098e-08]
 [2.29138938e-08]
 [1.43754994e-08]
 [1.46856026e-08]
 [1.44044969e-08]
 [1.43718326e-08]
 [1.44203210e-08]
 [3.74841116e-08]
 [1.43465604e-08]
 [1.43401519e-08]
 [2.22431519e+00]
 [1.19020669e-08]
 [1.03428103e+00]
 [1.46281685e-08]
 [1.43723650e-08]
 [1.44021072e-08]
 [1.43932155e-08]
 [1.43708318e-08]
 [8.88727629e-01]
 [1.43665716e-08]
 [2.22639700e+00]
 [1.70901746e-08]
 [1.43596810e-08]
 [1.43664809e-08]
 [1.43912088e-08]
 [1.68444580e-08]
 [1.44236405e-08]
 [1.43920320e-08]
 [9.61247761e-01]
 [1.43255074e-08]
 [1.43503499e-08]
 [1.45345443e-08]
 [1.44017926e-08]
 [1.43650538e-08]
 [1.51551772e-08]
 [1.43556178e-08]
 [1.43842687e-08]
 [1.43567992e-08]
 [1.43666925e-08]
 [2.02799369e+00]
 [1.43841653e-08]
 [1.43834018e-08]
 [1.43481411e-08]
 [9.52650760e-01]
 [4.30702302e-01]
 [1.43611585e-08]
 [1.80932133e+00]
 [1.43439366e-08]
 [1.43525713e-08]
 [7.91704303e-02]
 [1.43597444e-08]
 [1.43603557e-08]
 [3.45435764e-03]
 [2.72292934e-01]
 [1.43619992e-08]
 [1.66809865e-08]
 [1.42840971e-08]
 [1.43378157e-08]
 [1.80315335e-08]
 [6.17944945e-01]
 [1.43518729e-08]
 [1.63160223e-08]
 [2.08654879e+00]
 [1.43617233e-08]
 [1.43530413e-08]
 [2.86533260e-08]
 [1.43840963e-08]
 [1.43561208e-08]
 [1.44082398e-08]
 [1.43673040e-08]
 [1.43577111e-08]
 [1.43659741e-08]]

Classifier for C = 1000
w = [[ 1.35747879e-02]
 [-6.91800082e-03]
 [-1.43702034e-02]
 [-3.20905848e+00]
 [-2.39898683e-02]
 [-1.85414759e-01]
 [-9.49044918e-01]
 [-5.58104292e-01]
 [ 1.33630140e+00]
 [ 5.10717025e+00]
 [ 5.95135064e-01]
 [ 7.93504270e-01]
 [-2.34468045e-01]
 [ 1.79345255e+00]
 [-2.25677797e+01]
 [ 6.17320412e-02]
 [-1.94626236e+00]
 [-1.32785861e+00]
 [ 1.23387313e-01]
 [ 4.54061400e+00]
 [ 1.50469056e-01]
 [ 1.38308810e+01]]

b = [-1.13292658]

zi = [[6.69066156e-08]
 [1.72047321e-07]
 [2.05646460e+00]
 [3.96471812e-07]
 [5.72011020e-01]
 [1.31820975e+00]
 [6.71556994e-08]
 [6.71084731e-08]
 [6.69754918e-08]
 [6.75479672e-08]
 [6.74088343e-08]
 [7.63686970e-08]
 [6.70027749e-08]
 [8.49963755e-08]
 [6.69529140e-08]
 [6.68725932e-08]
 [2.34018591e+00]
 [7.45502860e-08]
 [8.39480223e-01]
 [6.44418983e-08]
 [6.69732502e-08]
 [6.69911020e-08]
 [6.69984095e-08]
 [6.69513468e-08]
 [5.89440360e-01]
 [6.69655669e-08]
 [2.61534889e+00]
 [7.98100918e-08]
 [6.69484590e-08]
 [6.69523985e-08]
 [6.69903072e-08]
 [8.28763737e-08]
 [6.76481119e-08]
 [7.99280479e-08]
 [1.46032612e+00]
 [6.69875887e-08]
 [6.69116364e-08]
 [6.73631339e-08]
 [6.71348416e-08]
 [6.69448741e-08]
 [6.89871733e-08]
 [6.69796380e-08]
 [6.70091473e-08]
 [6.69201705e-08]
 [6.69436466e-08]
 [1.83166977e+00]
 [6.70253044e-08]
 [6.70804732e-08]
 [6.69421807e-08]
 [2.28981939e-07]
 [5.05221870e-02]
 [6.69416129e-08]
 [1.72113337e+00]
 [6.68853868e-08]
 [6.69424191e-08]
 [2.39673213e-01]
 [6.69346612e-08]
 [6.69531637e-08]
 [1.76580450e-07]
 [5.54657561e-07]
 [6.69984801e-08]
 [6.69726551e-08]
 [6.70943072e-08]
 [6.70866115e-08]
 [9.22753300e-08]
 [2.23864290e-01]
 [6.69132146e-08]
 [6.72629908e-08]
 [2.11553962e+00]
 [6.69341394e-08]
 [6.69183369e-08]
 [1.75512228e-07]
 [6.70564671e-08]
 [6.69191755e-08]
 [6.71188080e-08]
 [6.69649190e-08]
 [6.69309236e-08]
 [6.70706556e-08]]

Classifier for C = 10000
w = [[ 1.23288452e-02]
 [-6.57510591e-03]
 [-1.50319649e-02]
 [-1.43596686e+01]
 [-1.33052236e-01]
 [ 5.92707268e+00]
 [-3.82212802e+00]
 [ 1.78070042e+01]
 [-3.78734806e-02]
 [ 7.98992830e+00]
 [ 8.64599432e-01]
 [-3.22582440e-01]
 [-1.87228048e+01]
 [ 2.64334137e+00]
 [-2.86940798e+01]
 [ 5.24036494e-02]
 [-3.11011069e+00]
 [-6.07674649e-01]
 [ 2.41066951e-01]
 [ 4.13323064e+00]
 [ 2.84345081e-01]
 [ 1.03067478e+01]]

b = [0.21286978]

zi = [[1.08269654e-07]
 [1.25764611e-07]
 [1.67263874e+00]
 [1.85561996e-07]
 [6.00433560e-01]
 [1.07137002e+00]
 [1.08683879e-07]
 [1.08608407e-07]
 [1.08393237e-07]
 [1.09742423e-07]
 [1.15748434e-07]
 [1.17260659e-07]
 [1.08470738e-07]
 [1.30701188e-07]
 [1.08347404e-07]
 [1.08256596e-07]
 [2.44550313e+00]
 [1.09654604e-07]
 [9.48868339e-01]
 [1.09084740e-07]
 [1.08395273e-07]
 [1.08470741e-07]
 [1.08441206e-07]
 [1.08358253e-07]
 [5.04467122e-01]
 [1.08379471e-07]
 [2.24155215e+00]
 [1.40878645e-07]
 [1.08360700e-07]
 [1.08369367e-07]
 [1.08437064e-07]
 [1.26831363e-07]
 [1.09551422e-07]
 [2.08897423e-07]
 [1.74662811e+00]
 [1.08437191e-07]
 [1.08274669e-07]
 [1.09011093e-07]
 [1.09301180e-07]
 [1.08348177e-07]
 [1.10280817e-07]
 [1.08658619e-07]
 [1.08465798e-07]
 [1.08318990e-07]
 [1.08362473e-07]
 [1.98563884e+00]
 [1.08535634e-07]
 [1.08613471e-07]
 [1.08454770e-07]
 [1.78594506e-07]
 [9.15631531e-02]
 [1.08361765e-07]
 [1.69059424e+00]
 [1.08275834e-07]
 [1.08325169e-07]
 [4.27293658e-01]
 [1.08336374e-07]
 [1.08387532e-07]
 [1.58480321e-06]
 [4.01837963e-07]
 [1.08419931e-07]
 [1.08454368e-07]
 [1.08695178e-07]
 [1.08600005e-07]
 [1.30479787e-07]
 [5.29281038e-07]
 [1.08316574e-07]
 [1.08853344e-07]
 [2.29854762e+00]
 [1.08321972e-07]
 [1.08283329e-07]
 [1.65394810e-07]
 [1.08564147e-07]
 [1.08312837e-07]
 [1.08688868e-07]
 [1.08373517e-07]
 [1.08317460e-07]
 [1.08750767e-07]]

Classifier for C = 100000
w = [[ 6.41406553e-03]
 [-7.00680444e-03]
 [-1.50684413e-02]
 [-1.64440774e+02]
 [-1.45182434e+00]
 [ 3.91181626e+01]
 [-4.14090461e+01]
 [ 1.17476701e+02]
 [ 6.42578325e+00]
 [ 1.24096249e+01]
 [ 3.05100570e+00]
 [ 7.49097819e+00]
 [-1.24555663e+02]
 [ 9.61193364e+00]
 [-3.40612638e+01]
 [ 2.50735510e-02]
 [-3.76654923e+00]
 [-2.75245011e+00]
 [ 1.45483528e-01]
 [ 5.27762289e+00]
 [ 5.97562466e-01]
 [ 8.84280947e+00]]

b = [2.87693757]

zi = [[4.70339948e-09]
 [6.48614080e-09]
 [1.13705761e+00]
 [7.80377634e-09]
 [3.31626058e-01]
 [1.21960121e+00]
 [4.72930449e-09]
 [4.74249297e-09]
 [4.71358431e-09]
 [4.77494414e-09]
 [6.63068424e-09]
 [4.93538611e-09]
 [4.72357340e-09]
 [5.72726986e-09]
 [4.71284679e-09]
 [4.69781602e-09]
 [2.54494769e+00]
 [4.78323270e-09]
 [8.81448845e-01]
 [4.71497481e-09]
 [4.71548292e-09]
 [4.70341719e-09]
 [4.71604636e-09]
 [4.71179863e-09]
 [3.05903242e-01]
 [4.70948754e-09]
 [1.71817457e+00]
 [7.20910039e-09]
 [4.71287483e-09]
 [4.67684968e-09]
 [4.71774425e-09]
 [4.56001105e-09]
 [4.75610781e-09]
 [8.83142626e-09]
 [1.75480286e+00]
 [4.71958972e-09]
 [4.70398482e-09]
 [6.39281311e-09]
 [4.77808668e-09]
 [4.70974011e-09]
 [4.86330177e-09]
 [4.73115860e-09]
 [4.72084914e-09]
 [4.70298305e-09]
 [4.71038846e-09]
 [2.02592832e+00]
 [4.72490746e-09]
 [4.72508015e-09]
 [4.70995592e-09]
 [7.53514370e-09]
 [2.02894028e-01]
 [4.71126656e-09]
 [1.56372733e+00]
 [4.70265982e-09]
 [4.70972047e-09]
 [4.49854013e-01]
 [4.71044272e-09]
 [4.71819132e-09]
 [1.41948307e-08]
 [9.13776576e-09]
 [4.70604371e-09]
 [4.93310007e-09]
 [4.74128544e-09]
 [4.73275485e-09]
 [5.10432408e-09]
 [3.03915619e-08]
 [4.70071753e-09]
 [4.76695811e-09]
 [2.30798351e+00]
 [4.71038650e-09]
 [4.70483629e-09]
 [4.71852400e-09]
 [4.72027526e-09]
 [4.70323694e-09]
 [4.72586516e-09]
 [4.80409012e-09]
 [4.70733837e-09]
 [4.74199832e-09]]

Classifier for C = 1000000
w = [[ 1.71728239e-02]
 [-1.68828267e-02]
 [-1.85760661e-02]
 [-1.37465792e+03]
 [-1.37412923e+01]
 [ 2.12147532e+02]
 [-4.07125909e+02]
 [ 6.34798977e+02]
 [ 5.20506426e+01]
 [ 3.91582336e+01]
 [-2.72788476e+01]
 [-1.07092965e+02]
 [-2.36889563e+02]
 [-7.92142975e+01]
 [ 5.33623650e+00]
 [-6.70065137e-02]
 [-2.54738562e+00]
 [ 2.67501777e+00]
 [-4.34477216e-01]
 [ 6.57228914e+00]
 [ 2.15006420e+00]
 [ 1.88997049e+01]]

b = [-5.57558966]

zi = [[6.94575713e-09]
 [7.94296252e-09]
 [1.08022729e-01]
 [1.07401335e-08]
 [1.18827728e-08]
 [8.27472998e-01]
 [6.95360154e-09]
 [6.95878010e-09]
 [7.55894799e-09]
 [6.99015076e-09]
 [1.21422620e-08]
 [6.94445223e-09]
 [6.96021401e-09]
 [6.99226396e-09]
 [6.94671938e-09]
 [6.94885984e-09]
 [1.66229720e+00]
 [7.72403078e-09]
 [1.95270015e+00]
 [6.95983178e-09]
 [6.95148346e-09]
 [6.98686133e-09]
 [6.95774566e-09]
 [6.94993878e-09]
 [2.77361300e-01]
 [6.94770241e-09]
 [8.37246103e-01]
 [6.97132916e-09]
 [6.95024292e-09]
 [7.35369357e-09]
 [6.95214653e-09]
 [6.89410671e-09]
 [6.96263066e-09]
 [1.40887931e-08]
 [2.00655168e+00]
 [6.94854124e-09]
 [6.94672442e-09]
 [7.86089944e-09]
 [6.84912528e-09]
 [6.95020276e-09]
 [9.05004978e-09]
 [6.97999035e-09]
 [6.95897197e-09]
 [6.94681160e-09]
 [6.95272692e-09]
 [7.28877699e-01]
 [6.96825332e-09]
 [6.95613982e-09]
 [6.94840867e-09]
 [9.44791300e-09]
 [3.83852725e-01]
 [6.94843025e-09]
 [2.31333902e-08]
 [6.94802942e-09]
 [6.94618370e-09]
 [3.44612950e-01]
 [6.94626746e-09]
 [6.96473712e-09]
 [1.34146734e-08]
 [1.16976507e-08]
 [6.95341415e-09]
 [7.31933853e-09]
 [6.96117264e-09]
 [6.96451065e-09]
 [7.00470377e-09]
 [2.33467115e-08]
 [6.96036615e-09]
 [6.96107082e-09]
 [1.90926461e+00]
 [6.95012032e-09]
 [6.94802196e-09]
 [6.96618123e-09]
 [6.95330282e-09]
 [6.94636164e-09]
 [6.95868785e-09]
 [7.33612119e-09]
 [6.94916899e-09]
 [6.96328716e-09]]

Classifier for C = 10000000
w = [[-5.12562206e-03]
 [-2.41247590e-02]
 [-1.51639762e-02]
 [-3.58138201e+03]
 [-1.15995250e+02]
 [ 5.38898099e+02]
 [-1.58744066e+03]
 [ 1.69092641e+03]
 [-6.73864201e+02]
 [ 1.86943240e+02]
 [ 2.11018659e+01]
 [-1.01733314e+03]
 [-4.33940308e+02]
 [-1.66887086e+01]
 [ 2.41328655e+01]
 [-8.70240383e-03]
 [-4.13858357e+00]
 [-4.14196560e+00]
 [-2.34374444e+00]
 [ 4.68793849e+00]
 [ 6.18372743e+00]
 [ 7.49804636e+01]]

b = [-22.49556066]

zi = [[8.71102010e-09]
 [8.76497320e-09]
 [1.17238916e-08]
 [1.02087043e-08]
 [9.65506141e-09]
 [1.62145029e-01]
 [8.71392411e-09]
 [8.71703347e-09]
 [8.70435618e-09]
 [8.73961404e-09]
 [8.81768582e-09]
 [8.70604981e-09]
 [8.65193933e-09]
 [8.70478607e-09]
 [8.71044149e-09]
 [8.70336501e-09]
 [2.42560034e-08]
 [8.70398395e-09]
 [1.90745963e+00]
 [8.73168457e-09]
 [8.71586528e-09]
 [8.70282727e-09]
 [8.70520465e-09]
 [8.71209132e-09]
 [1.41696009e-07]
 [8.70785128e-09]
 [5.17195978e-08]
 [8.73704213e-09]
 [8.71247101e-09]
 [9.29514635e-09]
 [8.71323535e-09]
 [8.73300386e-09]
 [8.72368185e-09]
 [8.82023084e-09]
 [1.36429644e+00]
 [8.70740514e-09]
 [8.70565768e-09]
 [8.70259887e-09]
 [2.48872371e-08]
 [8.71114428e-09]
 [8.71851908e-09]
 [1.10878240e-08]
 [8.51101566e-09]
 [8.70523028e-09]
 [8.71239170e-09]
 [2.63322604e-08]
 [8.72257055e-09]
 [8.71797409e-09]
 [8.70855090e-09]
 [9.41423854e-09]
 [1.88594372e-08]
 [8.71139526e-09]
 [8.79945083e-09]
 [8.70680892e-09]
 [8.70811173e-09]
 [1.17207204e-08]
 [8.70921835e-09]
 [8.70459371e-09]
 [1.13007243e-08]
 [4.54655639e-08]
 [8.70889441e-09]
 [8.70989538e-09]
 [8.72802860e-09]
 [8.72243486e-09]
 [8.57410036e-09]
 [1.10049141e-08]
 [8.67849188e-09]
 [8.72431743e-09]
 [3.09186402e+00]
 [8.67862705e-09]
 [9.50491326e-09]
 [9.14488143e-09]
 [8.71680375e-09]
 [8.70567228e-09]
 [8.72653191e-09]
 [8.88255515e-09]
 [8.73291499e-09]
 [8.71974194e-09]]

Classifier for C = 100000000
w = [[ 1.31477586e-02]
 [-6.61950758e-02]
 [-2.64143511e-02]
 [-8.17383597e+03]
 [-4.51986029e+02]
 [ 1.12339005e+03]
 [-1.18001185e+03]
 [ 3.55621540e+03]
 [-5.17403397e+03]
 [ 4.73991049e+02]
 [ 3.56994591e+02]
 [-1.78175508e+03]
 [ 2.44367868e+02]
 [ 9.60639312e+02]
 [ 3.47142800e+01]
 [ 2.00826574e-01]
 [-1.40232598e+01]
 [-2.06652134e+01]
 [-4.57344309e+00]
 [ 2.68727058e+01]
 [ 1.37218855e+01]
 [ 1.58831696e+02]]

b = [-44.99550386]

zi = [[2.45056932e-10]
 [2.45750589e-10]
 [2.48083565e-10]
 [2.48059931e-10]
 [2.54271260e-10]
 [4.61675327e-10]
 [2.45140959e-10]
 [2.45282232e-10]
 [2.45212627e-10]
 [2.45655392e-10]
 [2.93460837e-10]
 [2.45069628e-10]
 [2.45004804e-10]
 [2.45107134e-10]
 [2.45112960e-10]
 [2.45030816e-10]
 [3.28501502e-10]
 [2.45753606e-10]
 [1.25800870e+00]
 [2.45353085e-10]
 [2.45171531e-10]
 [2.45156056e-10]
 [2.45267744e-10]
 [2.45105031e-10]
 [2.44670022e-10]
 [2.45055121e-10]
 [2.27085902e-09]
 [2.45385405e-10]
 [2.45151038e-10]
 [2.45188615e-10]
 [2.45153861e-10]
 [2.45143371e-10]
 [2.45284243e-10]
 [2.48972818e-10]
 [7.00949525e-10]
 [2.45148933e-10]
 [2.45002868e-10]
 [2.61991856e-10]
 [2.70004373e-10]
 [2.45080152e-10]
 [2.45687986e-10]
 [2.67827315e-10]
 [2.63433173e-10]
 [2.45115419e-10]
 [2.45116557e-10]
 [3.53749652e-10]
 [2.45234495e-10]
 [2.45216439e-10]
 [2.45134050e-10]
 [2.60815570e-10]
 [2.35069262e-10]
 [2.45132621e-10]
 [2.46619858e-10]
 [2.45052164e-10]
 [2.45044170e-10]
 [2.80680010e-10]
 [2.45093652e-10]
 [2.71557135e-10]
 [2.18054701e-10]
 [3.37402086e-10]
 [2.45151221e-10]
 [2.44944841e-10]
 [2.45331855e-10]
 [2.45295308e-10]
 [2.70585985e-10]
 [9.26548899e-10]
 [2.44727280e-10]
 [2.45412223e-10]
 [3.05317068e+00]
 [2.43201257e-10]
 [2.92662274e-10]
 [2.46012991e-10]
 [2.45176935e-10]
 [2.45099460e-10]
 [2.45238465e-10]
 [2.55956876e-10]
 [2.46000078e-10]
 [2.45280401e-10]]

